28.5103
30.0685
22.2853
14.4717
16.5249
11.0000
2.8368
5.5508
14.5170
4.3102
-2.1183
-4.3114
-6.6538
-9.2492
-6.5391
-6.7069
-7.0311
-7.4741
-10.8459
-18.8327
-16.9567
-15.9739
-16.7175
-15.1731
-14.3347
-13.4456
-6.0907
-9.0000
-2.6018
3.5941
8.0926
15.3326
12.2390
14.1282
15.1596
17.4779
17.7594
20.2248
21.7785
23.7908
19.2405
43.2025
32.7950
23.4584
24.4078
27.5828
28.9798
20.2485
29.8993
26.7080
15.9802
19.3248
18.2623
17.3929
15.6640
16.9941
21.6596
9.3915
12.7292
2.5824
2.1112
-3.4524
-9.6023
-11.9210
-11.7027
-7.4202
-10.1684
-9.7462
-13.2849
-7.3874
-4.4721
-0.4757
2.4393
-3.4686
-3.2045
-2.8430
-2.7128
-1.9951
5.2269
14.6307
20.5880
20.6199
23.0542
25.7694
21.6842
19.6441
28.3296
33.0269
33.5975
31.8494
31.2733
28.1759
31.1259
30.4740
27.4443
30.5248
16.6643
5.6923
3.9220
15.9053
5.1465
10.4119
10.4144
2.4998
4.8209
-4.7327
-5.9687
-9.8389
-9.6617
-13.2748
-13.3418
-9.6865
-12.6659
-22.6998
-25.3962
-22.3478
-17.3760
-18.7291
-11.1204
-7.5617
-8.4853
-5.4152
9.3987
8.7477
13.0103
26.1172
29.7586
28.3924
27.9321
27.8202
33.0503
39.4784
-6.6591
38.3101
40.4110
39.4352
42.5811
43.9087
44.6488
38.6195
42.9104
41.0858
42.5912
31.8891
25.6039
15.9817
21.8433
18.6064
17.7768
12.2545
4.5587
-4.1816
-8.4820
-9.8295
-15.4000
-26.8836
-30.7039
-29.7460
-23.2280
-29.3321
-39.8346
-40.3785
-41.8400
-40.3062
-42.9360
-39.2540
-34.9474
-5.6909
-21.7264
-13.4061
-16.4786
-8.5171
-7.5085
10.4614
7.1245
35.3381
34.6671
35.8823
35.4114
39.0129
37.0932
35.0416
39.5318
37.4692
29.8244
20.2697
15.7902
7.6705
3.5749
-4.1814
-18.8836
-25.4167
-28.8521
-44.1108
-49.3472
-58.3389
-59.5256
-55.4738
-48.4737
-51.6957
-64.8162
-54.6620
-60.8934
-72.5830
-64.3088
-33.2340
-61.7155
-58.9662
-36.2185
-15.3882
-0.6249
1.1548
-12.8909
-7.3174
-4.2504
1.7784
10.4889
45.1080
42.7996
42.5605
39.7532
11.4633
13.8411
11.0841
20.7607
21.9086
1.8019
-9.9560
-18.8396
-18.8652
-25.8830
-40.2877
-48.6812
-46.0926
-42.6223
-39.9022
-53.9637
-65.0456
-53.1478
-36.9824
-29.4665
-33.9700
-32.9877
-0.1896
8.2414
22.1892
0.6732
4.3774
9.4434
15.6530
28.6864
51.3908
63.0378
62.8288
54.0654
59.3024
63.2585
64.8713
49.4778
45.9465
51.7552
46.5916
40.2939
33.0312
-2.5186
9.9383
-26.5624
-31.0412
-36.2508
-29.6151
-37.6564
-52.7401
-59.9905
-51.4921
-59.9413
-63.8926
-69.1084
-59.8162
-35.7791
-38.6655
-32.3615
-10.8774
-17.4130
7.7047
25.4360
35.4277
32.6446
80.9862
43.4485
47.7072
87.3916
85.2836
79.2618
88.2069
55.5392
41.3118
43.9051
23.5075
56.6504
44.4073
5.2608
-5.1934
-34.3233
-34.1358
5.2580
-6.5629
-40.6909
-45.2400
-56.9417
-59.2937
-65.5819
-58.2708
-51.4960
-48.2663
-52.3522
-47.2421
-23.2692
-1.4225
14.9719
19.4642
11.4341
79.8007
83.1126
94.4855
92.2151
91.6411
89.0372
91.7254
101.0055
32.6544
32.8544
68.5581
69.6355
79.7776
77.2188
81.2275
85.3833
-17.5923
-37.6086
-34.9987
-40.1767
-46.7008
-49.8729
-59.4924
-53.4169
-40.5147
-51.8975
-54.7628
-11.7814
-11.6621
-8.6195
-1.7879
-23.0700
-19.5958
-16.7513
-14.5642
63.4031
65.7588
79.9289
94.5862
96.7694
98.2517
-38.2119
33.0638
37.3990
23.7407
35.1174
12.0468
-4.0132
-12.8259
-14.2990
-24.3677
-28.8853
-36.7696
-41.2514
-50.4002
-49.4708
-50.5874
-49.9183
-26.7326
-14.2511
-10.4963
2.0823
-24.0434
-95.2576
-88.2442
-5.3803
25.6324
9.2245
15.5184
24.1621
26.3515
22.0709
26.2372
25.8402
28.4194
32.0152
29.6601
120.6394
140.9869
43.1371
26.8279
30.4935
26.2392
68.2963
45.8566
4.8136
32.0905
24.9820
-15.1598
-23.1630
-36.6475
-43.8723
-26.2974
-50.2343
-34.5142
-57.4119
-23.7065
-11.8171
2.6820
3.6707
13.4315
-2.6139
12.2310
7.8609
54.3344
53.9080
57.1634
61.5270
85.8718
78.5770
77.3569
73.3168
68.8564
66.9732
57.7419
15.4160
10.7522
12.3487
11.9835
5.8412
-6.0895
-2.4008
-11.6604
-21.5525
-21.2782
-23.3873
-29.5645
-32.2768
-43.3062
-46.0678
-52.0646
-22.6391
-20.8592
-13.1048
7.3691
10.4307
38.4255
55.6623
67.1958
101.7358
87.4529
105.6381
99.6426
105.6016
112.7451
115.8531
117.8393
117.8269
125.4368
133.8202
125.7357
127.0087
123.9745
107.7262
101.5947
105.9759
78.3348
60.4099
43.7564
25.2631
1.8120
-18.7739
-33.6997
-35.8128
-61.5882
-59.4349
-49.6207
-59.9913
-63.0573
-64.2297
-118.9771
-69.3635
-76.8599
-88.4346
-78.2391
-60.2407
-38.8809
-25.3148
-12.0215
-15.5189
-5.9699
22.4750
44.7611
48.2984
62.8892
67.2017
54.5509
56.4004
62.2298
69.3344
78.6308
73.7833
66.2069
67.1271
63.4384
60.7875
42.2525
34.6091
24.9627
16.6840
-6.7045
-3.5212
-6.2272
-19.6928
-25.6914
-34.3310
-54.1128
-47.7980
-52.4286
-52.1240
-55.8083
-51.2321
-56.1958
-61.6946
-66.4680
-35.5051
-41.1222
-47.6402
-16.9534
-5.7469
-0.7483
14.0905
25.6118
30.4699
41.3756
36.1248
59.3798
62.8867
96.1146
90.1127
87.7588
97.5070
104.8107
77.6104
