29.5102
31.5231
19.3956
14.4717
16.0000
11.0000
3.8364
5.5508
14.5170
4.3102
-2.1183
-4.3114
-6.6538
-10.2483
-7.5359
-6.7069
-7.0311
-7.4741
-10.8459
-18.8327
-16.9567
-17.4840
-15.7780
-15.1731
-14.3347
-13.4456
-6.0907
-9.0000
-3.0000
3.4593
8.0926
15.3326
16.1102
14.1282
13.7768
17.4779
17.7594
20.2248
21.7785
23.7908
19.2405
43.2025
32.7950
23.4584
24.4078
27.0378
28.9798
20.2485
29.8993
23.5490
15.9802
19.3248
18.2623
17.3929
15.6640
16.9941
21.6596
15.6209
13.1586
2.5824
2.1112
0.1035
-9.6023
-11.9210
-11.7027
-6.5229
-10.1684
-8.5361
-15.3564
-7.3874
-4.4721
-0.4757
0.5240
-3.1350
-1.9723
-3.7568
-3.6313
-2.9083
2.2914
13.5294
20.5880
21.1067
23.0542
27.1371
21.6842
19.6441
28.3296
33.0269
33.5975
31.8494
33.4841
28.1759
33.3367
30.4740
27.4443
28.9903
16.6643
1.9030
5.9363
12.5994
4.5823
10.4119
10.4144
0.4650
3.4180
-2.5435
-5.9687
-9.1624
-9.6617
-11.0883
-13.3418
-9.6865
-12.6659
-22.6998
-24.5770
-22.3478
-17.3760
-20.1338
-9.7063
-7.5617
-8.4853
-5.4152
9.3987
8.7477
13.0103
26.1172
29.5322
26.4367
27.7717
30.8860
31.5437
39.6288
-4.8317
41.7653
38.8272
39.4352
43.1882
42.5044
44.6488
40.4175
43.5265
42.8710
42.5912
31.8891
24.2071
17.8274
21.8433
19.9159
17.7768
12.2545
4.5587
-4.1816
-8.4820
-11.9122
-14.8000
-26.6066
-28.7741
-29.7753
-25.0573
-31.2394
-37.8875
-40.7182
-41.8400
-41.1157
-43.7402
-39.1722
-34.9474
-4.3004
-21.7264
-15.6312
-16.4786
14.1984
-7.5085
9.0894
9.3526
35.3381
36.9004
36.7529
35.4114
39.0129
37.0932
35.0416
37.2908
39.7052
29.8244
20.2697
17.7267
6.3090
3.5749
-7.7600
-18.8836
-25.4167
-33.4336
-44.1108
-51.5596
-58.3389
-59.5256
-57.4109
-48.4737
-51.6957
-67.5825
-54.6620
-60.8934
-72.5830
-64.3088
-33.9411
-61.7155
-58.9662
-41.1635
-28.0614
-0.6249
0.3706
-11.4849
-9.1316
-4.2504
3.1687
11.8788
39.5279
40.9571
42.5605
39.7532
11.4633
13.0313
11.0841
19.3682
21.9086
2.6509
-9.8574
-20.2308
-18.8652
-25.2000
-41.8053
-48.1711
-46.0926
-40.4393
-41.3051
-53.9637
-65.0456
-53.8387
-37.6808
-28.4742
-35.8503
-31.2952
-0.1896
8.2414
22.1892
0.6732
6.1733
11.2424
15.6530
28.6864
51.3908
63.7319
65.7135
54.0654
59.3024
63.2585
64.8713
49.4778
47.3524
49.5001
34.6653
40.2939
33.0312
-1.1057
11.4012
-27.9310
-31.0412
-34.0436
-24.5752
-36.8522
-52.7401
-59.9905
-51.4921
-59.9413
-63.8926
-69.1084
-59.8162
-35.7791
-40.1295
-32.3615
-10.8774
-15.4989
7.7047
25.4360
35.4277
32.6446
80.9862
43.4485
49.9299
87.3916
82.8009
79.2618
87.5046
55.5392
42.1557
43.9051
21.4149
55.2769
45.2509
5.2608
-6.9934
-35.6298
-32.7425
5.2580
-6.0861
-39.2872
-46.0216
-56.9417
-59.2937
-64.7695
-58.2708
-51.4960
-48.2663
-50.9570
-46.1072
-23.2692
-2.0660
14.9719
21.9899
11.4341
79.8007
95.1148
94.4855
94.1865
91.6411
89.0372
89.4412
101.0055
34.1223
30.6328
68.5581
69.6355
79.7776
77.2188
81.2275
86.7886
-17.5923
-37.6086
-35.8038
-38.1995
-45.3005
-45.0066
-59.4924
-53.4169
-40.5147
-51.1691
-55.4663
-12.6611
-10.9174
-10.3221
-0.2102
-21.4428
-20.5061
-16.7513
29.8733
63.4031
67.8625
79.9289
94.5862
96.0834
98.2517
-38.2119
33.0638
37.3990
23.7407
36.3692
11.2739
-4.0132
-12.8259
-17.4169
-24.3677
-28.8853
-36.7696
-41.2514
-50.4002
-49.4708
-48.4860
-49.9183
-26.7326
-14.2511
-10.4963
4.6702
-24.0434
-95.2576
-18.3270
-5.3803
27.0330
9.2245
16.3228
24.1621
27.4095
21.2657
27.6428
25.8402
27.6326
32.0152
29.6601
120.6394
140.9869
45.3081
26.8279
30.4935
26.2392
68.2963
45.8566
4.8136
32.0905
24.9820
-16.5515
-23.1630
-36.6475
-43.8723
-26.2974
-50.2343
-34.5142
-57.4119
-23.7065
-12.7885
2.6820
2.6897
13.4315
-2.6139
12.2310
8.0906
54.3344
52.2869
57.1634
61.5270
85.8718
78.5770
77.3569
73.3168
67.4276
66.9732
57.7419
17.7913
10.7522
12.3487
11.9835
5.8412
-6.0895
-2.4008
-11.6604
-21.5525
-23.7099
-24.3795
-29.3294
-24.6830
-43.3062
-46.0678
-52.0646
-21.6431
-20.8592
-13.1048
7.3691
10.4307
41.5424
55.6623
66.0045
100.7752
87.4529
105.6381
101.3358
106.3547
112.7451
115.8531
117.8393
117.8269
125.4368
133.8202
125.7357
128.2797
123.9745
111.7116
101.5947
105.9759
78.3348
60.4099
43.7564
24.4360
1.8120
-14.5335
-33.6997
-35.8128
-62.3165
-60.3141
-50.4816
-52.9693
-61.6966
-63.7409
-116.2335
-74.1174
-74.8120
-88.1179
-76.6206
-60.2407
-39.9994
-23.9805
-14.2574
-14.2005
-5.9699
22.4750
43.3873
48.2984
63.3681
66.4133
54.5509
55.1007
62.2298
69.8561
78.6308
78.5513
66.2069
67.1271
63.4384
59.4659
42.2525
34.6091
24.8323
15.2973
-6.7045
-3.5212
-6.2272
-19.6928
-25.6914
-34.3310
-54.1128
-47.7980
-53.3172
-51.6577
-49.5096
-51.2321
-53.6540
-60.0115
-67.3663
-35.5051
-41.1222
-47.6402
-13.0669
-5.7469
-1.6677
6.8481
23.5745
30.4699
41.3756
36.1248
59.3798
59.3073
96.1146
90.1127
86.4285
97.5070
104.8107
80.1356
