16.0961
3.9417
24.7898
15.2735
5.0055
26.9594
24.7303
27.4380
36.6188
34.3301
25.8907
34.7923
42.8765
32.0519
48.2944
48.6889
48.6456
45.6888
54.9915
51.9009
42.8165
47.8542
39.9583
32.5103
34.9251
31.5733
27.8874
26.5043
22.7263
21.2067
19.4485
6.3578
1.6729
-8.0968
-6.2193
1.5159
0.2175
-5.0120
-3.8778
-17.0417
-19.9751
-24.4231
-32.9367
-39.3711
-39.8859
-9.7509
-42.1959
-40.9230
-44.1651
-52.3344
-52.0253
-50.3713
-50.9152
-49.9840
-46.2152
-47.2221
-47.6796
-51.2838
-62.4264
-63.0842
-62.3987
-64.5537
-60.6306
-57.1136
-54.5850
-50.7074
-40.6529
-44.1148
-42.5171
-3.1577
-19.6830
4.8594
6.8634
4.2846
4.9754
7.3064
12.2655
12.7391
15.3239
21.3958
22.6550
21.1459
23.6985
24.4052
29.1598
38.6941
32.9055
36.6985
30.1871
38.5571
29.4034
25.3385
25.7088
26.4842
9.9539
-0.8545
24.1013
21.5418
13.3355
-27.1227
-26.0075
-36.6826
-32.2477
-42.7094
-43.3286
-18.5272
-12.9981
-11.8173
-14.9666
-9.7200
-8.3336
-17.2582
-59.2694
-62.2156
-54.4663
-54.2626
-68.4187
-61.0403
-64.6433
-68.2124
-69.7598
-70.8982
-69.4131
-70.0035
-66.4585
-69.1936
-67.1920
-61.6818
-63.7868
-65.5773
-59.3793
-18.7791
-18.9672
-15.9467
-2.6799
0.7893
1.8374
7.4351
5.9228
10.0061
7.2299
9.4874
7.1103
10.4155
16.7534
19.7499
22.2987
21.8259
29.9627
34.0725
41.4979
42.5456
44.4740
49.7234
43.0941
40.5873
38.2363
34.6464
26.1259
15.4868
17.0923
3.7716
-1.9737
6.4118
8.7131
-11.2960
-13.7869
7.5296
-2.1424
-4.2744
-17.0909
-13.6185
-13.3909
-23.4566
-33.4101
-32.7950
-31.9651
-26.6200
-24.3988
-22.3091
-13.6126
-16.2381
-16.3593
-15.7937
-17.4457
-22.6007
-36.6272
-33.8364
-34.0416
-36.6466
-33.2945
-32.3888
-29.0209
-24.1886
-19.3844
-18.8489
-14.9487
-17.3829
-10.8069
-7.5809
-3.4552
-1.1462
-2.3879
-2.3432
1.1585
6.9671
9.3063
10.3821
16.4049
19.7990
9.9166
16.6636
12.7814
15.0579
27.9289
27.8738
31.3369
31.4552
31.0714
27.4420
28.4271
33.7243
34.7967
35.9527
39.8982
40.5812
39.3214
42.5901
44.8402
37.1069
30.7687
35.0474
22.8021
29.8650
14.7233
2.6416
-1.0586
-0.7166
0.8886
-4.3190
-5.4842
-0.3755
3.7332
0.1800
-9.5440
-9.6050
-9.8493
-11.0899
-10.9780
-47.4272
-54.8293
-52.7298
-52.7443
-54.7508
-15.8355
-63.8571
-28.4846
-26.0761
-23.9532
-28.4629
-19.8887
-18.9553
-21.3983
-12.5736
-4.8906
-3.2066
-0.1417
2.2770
12.0059
7.0024
6.9286
7.3634
11.3930
11.8300
20.0924
16.1473
30.3550
38.6909
43.9415
43.1926
44.2877
41.4225
42.0491
38.3370
32.9633
36.0034
44.4482
45.0264
45.6744
47.6890
40.7650
30.3612
27.4369
20.0227
12.2377
9.9416
7.5013
2.1139
0.9268
2.7202
2.5385
3.1214
-4.7088
-8.0218
-17.3200
-18.4082
-44.9542
-51.0419
-39.1247
-29.7254
-23.5193
-18.8092
-17.8118
-15.5931
-22.2111
-31.6825
-36.6814
-40.3083
-42.2923
-41.2844
-41.2743
-39.0000
-38.0000
-35.7509
-31.2532
-27.3058
-25.2606
-28.7396
-26.1623
-22.7202
-15.4648
-15.3739
-11.4776
-4.2256
-3.0161
1.6604
7.2312
7.1275
6.4958
7.4068
5.2283
13.2018
14.5344
10.0159
19.0145
19.4529
26.1607
31.6425
34.2644
38.3043
39.4620
40.0278
43.1333
44.8189
45.5886
34.3654
29.9482
31.3238
32.5817
32.2909
32.4145
26.1328
25.0867
17.0518
7.9273
9.2139
0.9313
-4.4516
-12.4128
-18.1451
-15.7131
-21.5372
-22.3516
-17.3852
-16.0137
-14.7358
-12.3919
-18.5458
-19.4201
-14.8024
-17.2113
-55.5283
-54.5512
-50.3256
-56.0941
-65.8632
-29.9038
-68.0294
-65.6545
-65.9697
-63.8362
-25.4428
-24.4664
-16.0012
-14.7158
-10.8189
3.9053
4.3375
0.8322
3.0826
3.6661
4.7489
13.1766
16.5345
21.3331
25.2571
34.8771
39.6911
41.8473
49.3689
47.3143
40.8343
43.2174
36.5529
34.0536
31.3436
37.2049
41.1276
44.3499
47.9068
53.2836
47.8523
37.5370
30.3485
30.3608
21.1769
26.7947
19.1314
23.5766
20.0567
5.3087
3.2839
1.9813
0.2295
4.4539
-4.5063
-3.0293
-29.3490
-35.2175
-6.5658
-5.0556
-10.4851
-8.1053
-14.8829
-54.5789
-60.9580
-57.9754
-58.6726
-59.5466
-66.5773
-72.7956
-74.1528
-33.4601
-29.2630
-24.7382
-19.6257
-10.4033
-10.4409
-3.6037
-3.9205
-0.0520
0.3074
-2.2740
14.6776
15.5081
19.3300
23.0986
23.8553
26.9821
31.1113
37.9281
46.9485
45.0548
42.0976
44.1486
48.4126
51.2976
54.5479
57.3253
59.9493
67.5829
67.6723
69.7860
68.1106
59.8239
63.4659
66.3639
60.1653
49.8050
46.4483
40.4014
33.7684
39.4254
33.4348
26.0000
28.0510
22.2023
17.5898
16.3127
6.8349
-26.8367
-4.4376
-2.7123
-0.2755
-11.7315
-3.2707
-0.9062
-5.3116
-57.3140
-58.7934
-60.8881
-60.6194
-59.9631
-59.4798
-66.1896
-62.2738
-69.9920
-70.9464
-72.6745
-65.3459
-71.3678
-68.3583
-66.3623
-66.6827
-61.2864
-61.2956
-56.2186
-55.9508
-56.2191
1.6720
3.6924
2.8716
8.9987
9.1483
9.9846
16.9517
20.0741
15.1353
10.2007
-31.0499
-28.6581
-19.1485
-16.4219
-13.5723
-19.4870
40.1335
44.9016
44.7275
48.4338
52.3846
52.3626
49.8083
47.8704
44.5605
38.9980
32.3732
33.1791
29.3905
30.4401
27.8966
15.1221
9.0431
9.5175
4.1110
9.0436
6.9912
-44.0622
-45.0265
-48.7914
-53.4650
-58.9989
-64.6341
-65.2280
-67.6062
-71.0896
-85.3615
-82.7437
-83.1401
-87.3643
-84.8839
-81.4937
-79.2762
-79.0694
-81.9802
-82.9935
-21.2909
-24.9206
-20.6774
-12.5098
-15.5492
-12.0536
-13.6272
-4.9549
-52.7951
7.1104
12.7036
17.0017
15.8429
25.8085
28.7388
23.8919
27.5118
31.4836
39.0150
43.5587
-13.3575
-5.3088
38.5943
46.1881
39.5819
43.2430
40.7177
45.2206
53.2093
59.0378
59.3829
65.5073
66.0043
62.3379
53.8894
41.4166
31.7871
27.1248
26.1137
22.5648
21.2901
15.3374
10.1810
9.0909
4.2680
-2.2612
2.3121
-2.3603
-1.4070
-49.7704
-55.1202
-56.8983
-62.3023
-62.0570
-70.8145
-71.3235
-9.4885
-70.3007
-71.1243
-71.0143
-71.1091
-74.4772
-14.1647
-13.4047
-11.2400
-7.3598
3.2470
14.2302
17.4845
19.8346
25.2527
31.6895
35.7522
39.6685
42.4889
51.9658
56.5758
57.0228
56.0742
49.8831
50.9077
53.2784
59.7998
64.6987
68.3941
76.0007
71.2302
72.9211
71.6977
76.6001
67.0856
68.2928
54.3976
47.4993
8.8206
39.5437
34.7697
42.7199
42.0547
28.4553
31.6308
24.9585
26.2136
20.7818
25.9222
-44.6709
-45.2376
-46.7611
-53.9350
-57.9899
-60.0923
-65.4728
-63.3180
-64.6221
-64.7844
-68.9469
-70.5986
-72.5518
-74.2885
-73.6526
-76.1901
-73.0663
-75.3289
-72.4387
-72.0212
-68.4869
-62.9424
-64.3855
-64.4210
-57.8169
-52.1966
15.4613
18.9368
21.8097
25.7572
32.4463
39.4366
40.9115
38.6394
45.7672
-11.1377
-7.8447
-2.5685
-0.0107
52.0523
55.2862
57.3787
54.1467
56.3823
58.7058
62.2585
6.5588
10.9088
10.2615
9.6563
7.5900
4.7862
57.6405
59.3244
54.9828
49.6472
44.3029
39.0831
28.9652
-32.3251
-31.7426
-37.1951
-41.9036
