-11.2712
-22.9523
-24.6645
-29.7933
-20.5061
-33.1682
-27.9033
-18.0677
-3.1340
-12.0573
-13.9084
-4.5753
-3.6587
2.8875
-2.9118
5.3027
8.9019
14.3774
9.1490
6.2273
2.0004
-2.6030
-4.0548
-5.1465
-5.4098
6.1335
2.6897
2.0603
-1.4831
-9.2572
-17.3049
-17.4000
-15.7870
-24.2459
-21.6004
-25.9665
-22.0455
-18.7478
-14.1421
-29.5855
-31.7678
-26.5016
-21.8439
-14.2444
-7.0561
-7.4445
-9.3928
-10.1281
4.7141
4.6000
11.7332
8.6791
14.9887
13.7342
8.9128
5.1097
12.4289
6.7902
6.6746
2.2188
7.6347
15.0601
14.3947
-1.0164
5.8224
1.0076
-8.0102
-15.5772
-16.2333
-17.2359
-22.9877
-17.0623
-10.7562
-18.6000
-24.1296
-17.0455
-11.4305
-24.4000
-20.3234
-18.7279
-22.7861
-23.6689
-1.4000
-1.2240
-2.3645
-11.3266
-5.8479
-6.0508
-3.8203
-5.5253
-2.0364
5.3990
5.0951
3.2101
7.1419
5.8782
2.1205
1.6960
-2.5737
11.8676
-1.9101
-5.1716
7.2752
3.2637
2.6737
-4.4424
-7.2845
-18.5253
-16.2977
-14.2779
-21.1410
-22.2361
-21.2510
-18.9754
-14.8164
-20.3970
-14.4218
-20.5033
-9.5250
-20.3762
-25.2558
-21.6569
-13.0510
-11.2096
-8.6645
-1.8716
2.9857
0.6096
7.5700
4.9193
-14.4468
-2.5575
9.6039
-1.9351
3.5777
13.0595
14.5481
15.5199
8.3474
11.8178
6.5362
18.3358
5.2654
6.8900
-2.0578
-1.2627
-9.0009
-11.4946
-13.8154
-23.0848
-25.4583
-10.7073
-11.3112
-19.1473
-21.4169
-20.2335
-24.2575
-20.5430
-18.6095
-11.3271
-2.0450
1.3252
0.8683
2.1067
6.0787
2.5037
-1.2649
4.0887
10.1408
-1.0266
5.7581
5.0189
13.2549
16.2211
20.7016
14.1064
12.9524
12.5539
3.9327
4.0079
6.0798
-2.0439
-11.1697
-17.4721
-19.5214
-7.8213
-14.8806
-19.1463
-19.0211
-25.0638
-10.2953
-26.7339
-31.1902
-33.9516
-25.7244
-13.3359
-5.0932
1.3425
-4.3640
-5.2080
-1.8473
-2.8223
-6.1527
-11.3892
-0.4616
4.7515
19.3829
16.6643
15.1059
14.4528
12.2169
12.9653
7.1824
2.9521
14.4437
2.4805
1.1025
-16.0815
-11.1622
-16.1817
-16.2469
-18.9180
-22.9235
-21.7007
-25.6524
-26.8492
-29.6986
-26.6880
-31.8412
-35.1790
-20.6051
-10.7749
3.0020
-11.9261
-11.0018
2.7487
-1.9863
-0.1800
11.6959
13.8845
6.7846
8.9755
9.9508
5.3691
1.1379
-2.1209
11.1320
15.8114
16.5647
18.2637
14.4779
4.1074
-0.5185
-1.3000
3.7676
0.4897
-3.3412
-7.7920
-11.9423
-17.3056
-18.9808
-13.7955
-17.3488
-16.8002
-16.0152
-16.6003
-11.2633
-13.2039
-1.4609
-13.7438
-10.2105
-7.8492
-9.3002
0.0000
-3.3388
-4.7566
1.4325
10.8385
10.6719
0.7851
2.0000
6.5364
1.0000
3.5647
-1.3557
2.8464
5.3116
13.8785
15.2611
10.9136
13.7406
6.3786
5.2326
0.3359
-1.2173
-5.2239
-13.0170
-9.3127
-10.2653
-10.0245
-22.8473
-24.5214
-17.6439
-18.2092
-9.1452
-13.7068
-4.7029
-4.3029
-2.3211
-11.3283
