-24.0206
-27.3436
-39.4409
-6.9351
-6.4603
-8.9780
-12.4467
-3.0883
-1.8707
1.2279
11.2830
9.5217
12.5718
13.9196
9.2360
2.9929
-1.1474
0.2065
0.9920
-3.9047
2.8284
-0.5723
-4.5600
1.9609
-7.1146
-12.2919
-14.5592
-14.9284
-20.6109
-20.1346
-22.6000
-19.8457
-19.9459
-18.1302
-30.6108
-33.4085
-26.2000
-23.3795
-16.9600
-8.6226
-5.7071
-11.7520
-7.6564
1.3156
3.5248
6.8566
9.7352
15.6722
11.4414
9.5560
5.7325
10.6325
9.5941
6.3056
2.2188
8.2428
14.1735
14.3947
5.1387
5.8224
0.4022
-6.4902
-11.6022
-17.6213
-19.2228
-23.8093
-14.1128
-10.7562
-18.6000
-22.8935
-17.0455
-11.4305
-23.6724
-23.4785
-20.2755
-21.6850
-25.6998
-1.4000
-2.6181
-2.3645
-10.4285
-4.1561
-8.9443
-2.6369
-4.1693
2.0061
3.7071
2.3584
7.0671
4.7407
4.7407
3.0245
3.1970
0.0852
11.8676
-1.9101
-1.0200
6.7279
3.2637
-0.7011
-1.4746
-14.1137
-20.8777
-19.8245
-17.8885
-23.8623
-19.4050
-16.2568
-16.8942
-13.5413
-13.3494
-15.1284
-21.6486
-10.2859
-23.9015
-25.5124
-22.1576
-11.6988
-4.4721
-6.9801
-0.9878
5.6180
-4.5051
5.8138
6.8425
-8.0097
-1.1828
10.8757
-2.3253
3.0841
13.0595
17.6514
15.5199
15.7306
11.8178
21.2420
10.6176
4.7326
5.7698
-5.6040
-1.2627
-11.0794
-12.7951
-20.2106
-24.3821
-26.8281
-9.9411
-13.2525
-19.5473
-19.9439
-14.6083
-16.1383
-18.3159
-15.6262
-5.9424
2.5039
-2.2198
-0.4168
2.1067
5.6988
2.1594
1.5811
1.8528
10.1408
0.5527
3.4824
7.3442
14.4874
16.2211
20.2673
18.2254
12.9524
12.5539
4.7269
3.0376
2.5251
-3.7754
-11.4271
-19.1395
-19.5214
-18.7106
-14.8806
-15.0073
-20.3059
-14.7948
-15.2470
-25.9325
-31.1902
-29.1988
-22.4987
-12.8836
-5.0932
-1.1885
-3.3981
-1.3972
1.6977
1.9403
-6.1527
-7.0651
0.4972
5.5852
19.3829
18.4077
15.1059
14.4528
10.3687
16.2115
7.1824
2.3536
10.1736
2.4805
-2.0452
-11.5165
-8.2292
-10.7123
-11.5165
-18.9180
-21.7749
-26.3667
-21.1639
-23.6753
-24.8242
-27.6777
-35.5466
-19.6229
-20.4010
-9.1394
4.3300
-17.3244
-11.3499
2.1828
3.1557
-2.0261
5.2816
15.7648
6.7846
8.7410
8.9672
0.5710
-1.8431
2.7307
11.4150
14.8627
17.9195
15.8114
14.4779
4.1074
-0.0730
-1.3000
3.4956
-3.7653
-2.9544
-6.8064
-10.7142
-19.5447
-18.9808
-10.9788
-12.7306
-16.8358
-16.7787
-13.4581
-11.2633
-12.8693
-1.4609
-13.7438
-12.4753
-7.8492
-9.3002
0.0000
-5.6750
-5.7553
1.4325
8.7560
10.6719
1.7400
2.0000
5.5686
1.0000
3.5647
-1.3557
2.8464
10.1604
13.6028
13.0049
10.9136
11.5170
6.3786
3.7210
0.3359
-2.2634
-7.3370
-12.9024
-2.5493
-9.9806
-9.0437
-24.8595
-29.7746
-22.3883
-18.1097
-10.0213
-15.0000
-4.7029
-4.3029
-2.3211
-11.3283
