29.4393
25.7048
22.1279
18.7087
15.4472
12.3433
9.3972
6.6086
3.6151
1.5619
-0.4166
-2.4067
-3.2466
-4.7646
-7.2575
-9.4146
-10.1964
-11.2257
-12.4501
-14.0130
-14.8442
-15.9708
-16.4460
-16.0357
-14.7950
-11.7441
-8.0585
-4.6434
-1.0036
2.8539
6.3165
9.5479
12.2939
14.8731
15.6240
17.2308
19.6247
21.6162
23.1099
24.9553
26.8992
27.4590
28.0629
29.1699
28.9476
28.2412
27.0239
25.5061
22.6559
21.9874
22.0752
20.6386
19.7437
18.5889
17.7015
15.7312
14.2129
12.0655
8.1043
4.5486
0.8716
-2.4102
-6.1037
-9.0830
-10.4804
-11.7759
-10.7578
-9.7568
-8.0583
-6.3139
-5.0216
-4.5476
-4.5170
-3.7091
-2.2375
-0.2959
1.4446
4.3613
7.7567
10.8645
14.4168
17.7229
21.1035
24.0714
26.4491
27.4103
28.0589
29.0825
29.8890
31.3775
32.7738
33.0450
30.5406
27.7372
24.2515
21.0117
18.5289
15.5426
13.3366
10.6132
8.4104
6.2521
4.4076
3.3903
1.1932
-1.7696
-4.5068
-6.1923
-9.3764
-12.2506
-14.1509
-16.6340
-17.8944
-18.7485
-19.0039
-19.7348
-18.7205
-17.0313
-14.9944
-10.8981
-5.1696
0.4842
5.8839
10.7758
15.4022
22.8570
24.6175
26.2702
27.3616
27.5913
28.7011
29.3745
30.4508
32.0746
34.3956
36.5064
39.2750
41.6444
44.1757
45.7981
40.8694
38.2545
35.5309
32.4484
29.3786
25.7998
21.6945
16.8754
12.8903
8.4949
4.0797
-1.6164
-6.8759
-12.1943
-16.9913
-21.5379
-25.4841
-28.6124
-31.7231
-34.8808
-39.2545
-39.5696
-39.2022
-37.9983
-36.7578
-34.2481
-30.9643
-25.7928
-22.5406
-17.2680
-10.9968
-3.9134
2.5053
8.8472
14.6368
22.3867
28.1693
33.9870
38.0518
40.3435
40.1729
38.9843
35.0899
32.6980
28.6402
23.0140
16.8554
9.6730
1.6561
-7.6415
-17.0478
-26.2386
-34.1525
-40.3549
-46.5552
-51.0779
-53.3341
-55.6222
-59.9340
-59.6934
-58.7239
-59.8484
-61.1070
-61.8402
-60.1814
-54.7971
-47.7277
-39.7306
-32.8253
-25.0626
-19.8492
-14.3666
-7.9912
2.1937
10.9987
16.0677
20.2213
23.2451
26.6446
30.9983
32.2760
31.2133
26.7176
20.0311
12.2299
6.5499
-0.2682
-7.1768
-13.4882
-20.8314
-27.4527
-35.5621
-42.5375
-46.6729
-49.0096
-50.1257
-52.3918
-51.4071
-48.2040
-41.2666
-34.3516
-26.8329
-18.6523
-10.2657
-4.2308
0.2787
6.1606
14.3535
22.3500
28.6386
33.2270
41.0116
48.5130
55.8271
59.8914
62.0516
62.0632
61.7189
56.7478
53.8445
48.9867
41.9224
31.1597
20.2862
10.3086
0.6441
-11.4263
-22.6183
-31.8108
-39.2613
-45.8083
-51.5171
-56.6425
-57.4679
-60.1873
-59.5504
-58.7635
-54.7118
-47.7253
-38.4066
-31.2650
-16.5449
-2.3733
8.1133
18.7461
29.9160
41.5713
54.0381
64.0216
71.2317
74.5502
72.3821
70.4198
69.6915
64.6973
63.2782
53.8212
37.5132
26.2212
18.4748
10.3247
4.7574
-3.5224
-13.0213
-22.7954
-34.3931
-40.3969
-43.1563
-47.2782
-51.9563
-58.5453
-63.3931
-59.5499
-50.3729
-45.8537
-36.0711
-23.8302
-8.2659
8.2720
25.9214
43.2207
58.5599
75.9043
86.0023
88.5951
89.0519
86.8910
82.5753
73.5162
69.3765
73.5828
75.5421
72.3770
66.0464
57.1667
46.8429
37.6916
19.2852
-2.8144
-20.4237
-36.1975
-51.1126
-59.4677
-59.9211
-51.4281
-45.3032
-40.1915
-34.2014
-28.1597
-28.0369
-24.1788
-19.4140
-12.5566
-1.7129
9.5853
30.2242
42.2811
51.8957
60.6014
66.1421
67.9586
65.6557
57.6394
42.8600
32.4629
20.9898
11.0239
3.8753
0.0661
-0.3530
-14.8372
-23.9748
-32.9897
-41.1694
-44.1676
-45.9370
-43.3967
-35.0426
-30.0660
-33.9661
-37.5452
-36.6170
-34.3780
-32.0311
-28.4343
-23.8886
-19.7669
-12.9903
-4.1802
6.0194
19.3646
24.3524
22.8179
28.3456
38.3277
48.4006
54.8672
56.0454
59.6174
64.8699
63.6423
61.0016
58.4594
51.7786
41.5856
26.5648
17.9041
17.4515
7.5290
-2.7191
-16.4212
-30.1069
-36.6856
-39.7015
-43.4236
-38.7721
-31.6120
-24.5203
-19.8656
-13.1864
-5.6396
4.9466
12.1083
22.3657
29.4914
38.6652
48.0316
57.5441
66.1251
76.2767
79.5389
78.2202
70.9136
64.7080
56.6945
45.9844
34.6556
25.8495
16.4206
7.8055
0.5865
-5.3015
-8.4861
-10.4469
-15.4124
-23.3373
-29.4205
-33.8256
-37.5219
-39.1229
-38.9772
-36.3374
-30.9563
-23.7419
-10.3282
4.3139
21.9627
38.8377
54.3083
67.0718
80.3963
91.4555
99.4038
105.7366
110.0197
113.6606
116.6585
119.5023
123.9765
124.5084
127.0144
127.0658
124.9595
120.8233
114.4697
105.1923
92.2889
76.2678
60.7388
42.0380
22.1937
4.3853
-12.9776
-28.3931
-35.6190
-47.8384
-56.8469
-62.6637
-67.7999
-73.1192
-78.2707
-81.6861
-81.7403
-79.9808
-75.8652
-69.3562
-60.8696
-48.2098
-32.8705
-21.7839
-4.4107
11.7053
24.1293
34.0323
42.1785
50.6277
58.5944
65.0196
68.1520
68.5226
69.7329
70.6551
69.9203
68.7590
67.6611
61.7763
53.4110
44.3844
34.5691
25.3900
16.7421
5.8911
-4.2676
-13.8907
-21.7366
-29.9627
-36.4888
-41.5885
-45.3673
-52.5732
-56.1704
-56.7355
-58.6357
-58.3182
-55.5373
-53.0815
-48.0559
-40.9595
-32.2706
-21.4863
-10.9134
0.4090
9.1325
18.5805
31.2953
42.1839
50.3200
61.9643
69.4129
76.0606
81.9076
86.9538
91.1993
94.6440
97.2880
