29.4824
25.7712
22.2065
18.7884
15.5169
12.3920
9.4136
6.5818
3.6118
1.7397
-0.5205
-2.5746
-3.5375
-5.1323
-7.4481
-9.7422
-10.5078
-11.4976
-12.6593
-14.1363
-14.8583
-15.9628
-16.5112
-16.1124
-14.8733
-12.0871
-8.1553
-4.4215
-0.6670
3.0836
6.6499
9.9009
12.6487
15.2122
15.9295
17.4852
19.7550
21.6107
22.9939
24.6359
26.8948
27.5137
28.2257
29.1346
28.7476
27.9101
26.5953
25.0133
22.1326
21.4671
21.1516
20.1212
19.6651
18.8470
18.0520
16.6027
15.5414
13.3498
9.4118
5.9028
2.0865
-1.1323
-5.1423
-8.5310
-10.4305
-11.3232
-10.5903
-9.9637
-8.4340
-6.4487
-5.2098
-4.6808
-4.8697
-4.2453
-2.9826
-0.9469
0.4978
3.5019
7.0326
10.3235
13.8413
17.3248
21.0633
24.0641
26.7345
27.7787
28.4542
29.5125
30.4831
31.9477
33.5147
33.4749
31.0650
27.9582
24.1159
20.5444
17.8986
14.6099
12.1150
9.3059
7.3321
5.4105
3.7186
2.9944
1.2353
-1.7777
-4.0166
-5.8410
-8.9124
-11.6560
-13.3486
-16.2095
-17.7428
-18.5211
-18.8885
-19.6712
-18.7837
-16.9458
-14.9221
-10.8306
-5.0055
0.4976
5.6352
10.7313
15.3496
22.4994
24.2354
26.3118
27.5800
27.9158
29.2817
29.9962
30.9662
32.6522
34.9212
36.9116
39.5974
42.3387
44.4539
45.9732
41.0231
38.8539
36.0803
33.0130
29.9957
26.1910
22.0520
17.0823
12.9443
8.4807
4.1180
-1.4226
-6.8444
-12.3734
-17.2197
-21.6802
-25.5627
-28.6622
-31.8337
-35.0140
-39.4815
-39.9721
-39.3976
-38.2778
-38.4536
-34.5199
-30.1314
-24.5065
-20.2945
-14.5930
-7.8334
-0.4730
5.9411
12.1120
17.4909
24.9468
29.6684
34.2052
36.9049
40.5987
40.5375
39.0389
35.4391
32.6882
28.5797
23.2084
16.6777
9.3480
0.9661
-8.6077
-18.3751
-27.6414
-35.6825
-41.7106
-47.7202
-52.2288
-54.2384
-56.6388
-60.6564
-60.1090
-59.3567
-59.9570
-60.6739
-62.2557
-61.1818
-56.6429
-49.7741
-42.0272
-35.6517
-27.9649
-22.0897
-16.3860
-9.8258
0.6646
10.0372
15.9433
20.3567
22.5077
25.8089
29.9686
31.4708
30.4639
26.0253
19.6062
12.4407
6.3782
-0.5694
-7.6047
-13.6344
-20.8702
-27.4765
-35.4524
-42.5149
-46.7932
-48.8818
-50.1475
-52.5149
-51.5320
-48.2350
-41.4547
-34.6522
-27.1784
-18.5256
-10.0296
-3.8136
0.8007
6.5508
14.8975
23.1623
29.3255
34.0754
41.8372
49.1515
56.5547
61.1806
62.5503
61.9608
60.8718
55.3188
52.1900
47.0829
40.0397
29.1265
18.7798
9.4696
0.5015
-10.8434
-21.0860
-29.6988
-38.0404
-44.7231
-50.6540
-55.7891
-56.7845
-60.0141
-59.9853
-59.3129
-54.8905
-47.7892
-38.4165
-31.2250
-16.4591
-2.4026
8.2525
19.2049
30.3487
42.0259
54.2193
63.9645
71.0370
74.6143
72.3972
70.1685
69.3155
64.3484
62.8405
53.0684
36.9862
25.7900
17.8186
9.8892
4.3652
-3.8001
-13.1034
-22.6069
-34.2020
-40.2425
-42.9328
-46.9465
-51.6332
-58.2802
-63.0369
-59.4136
-50.0979
-45.3323
-36.3981
-23.4445
-7.4625
9.7049
27.7599
45.4598
60.7376
77.9643
88.2170
90.4608
90.3636
87.5722
82.8540
73.1150
68.0973
73.1704
75.1461
72.3242
65.9686
57.2430
46.5990
37.8892
20.0544
-1.9447
-19.4282
-35.0123
-49.8533
-58.3810
-58.8626
-50.6141
-44.7945
-39.7784
-34.1931
-31.4414
-28.8646
-22.5765
-15.8596
-7.4755
4.5176
16.5519
37.3652
49.1053
58.1413
65.5596
69.6275
69.8803
65.2547
54.5605
43.0570
32.3783
20.9259
10.8623
3.6462
-0.2955
-0.7747
-15.4435
-24.4699
-33.3687
-41.4275
-44.1265
-45.9586
-43.0824
-34.4065
-34.4895
-34.2234
-34.4102
-30.5838
-26.1912
-22.2744
-17.8775
-12.7421
-9.0682
-3.2359
3.9944
11.8212
22.4680
23.9140
18.1772
28.3697
38.3343
48.5361
54.9980
56.2480
59.8075
65.1665
63.8413
61.3292
58.9020
52.0347
41.7037
26.5378
17.7249
17.1132
7.3250
-2.9294
-16.6252
-30.2235
-36.8279
-39.7787
-43.5415
-38.9002
-31.7202
-24.7872
-20.1456
-13.3495
-5.8799
4.6593
11.8042
22.0752
29.2447
38.4925
47.9295
57.4178
65.8733
75.8263
79.2228
78.0426
70.9102
64.8688
56.8010
46.1426
34.8569
26.0853
16.8539
8.1832
0.7770
-5.9792
-8.9411
-10.7405
-15.2770
-23.0508
-28.8939
-33.1079
-36.6619
-38.1693
-38.1991
-35.3802
-29.8130
-22.9127
-9.9915
4.1722
22.1714
39.0090
54.5066
67.2573
80.6668
91.7100
99.6114
105.8664
110.0409
113.8840
117.0261
119.5535
124.1533
124.8090
127.3689
127.6390
125.6818
121.6523
115.2508
105.5862
92.8042
76.8260
61.3128
42.5173
22.6294
4.0281
-12.8078
-27.9081
-35.0336
-46.5509
-55.7307
-61.5467
-66.9591
-72.3863
-77.0938
-80.6793
-80.6387
-79.3454
-75.6599
-69.7221
-60.7685
-48.1549
-32.9275
-21.4889
-4.6962
11.5357
23.8108
33.7485
41.9160
49.9237
58.3482
64.8148
68.2962
68.9951
70.3418
71.2013
70.4886
69.4754
68.1873
62.1575
53.4569
44.1646
34.1336
24.6845
16.4093
5.6203
-4.3882
-13.9832
-22.3346
-30.1402
-36.4647
-41.2101
-44.5999
-51.5266
-54.9277
-55.3801
-57.5253
-57.0330
-54.1310
-51.2802
-46.7632
-40.6067
-32.7646
-22.0179
-11.9002
-0.4013
8.1391
17.2584
29.8914
40.6156
48.6889
60.7317
68.4108
75.3313
81.4933
86.8966
91.5414
95.4276
98.5552
