11.1911
13.0790
15.0405
17.0754
19.1837
21.3656
23.6209
25.9498
28.9280
30.6440
34.6099
37.0496
38.6056
42.3691
44.5204
46.3533
48.2569
49.9140
50.0753
49.3024
48.1324
44.7886
42.0873
38.9008
36.3443
32.9591
30.3045
26.6055
20.7238
15.9184
12.1396
8.2671
5.6814
3.1906
-0.4123
-3.3910
-6.3577
-9.5486
-14.7333
-16.9080
-20.0520
-24.2003
-28.0186
-31.3040
-34.4294
-37.2186
-38.8732
-41.2605
-44.1100
-45.7473
-47.3519
-48.7600
-50.8767
-49.4466
-50.3311
-51.2591
-52.8336
-55.1591
-57.5195
-59.8922
-60.9208
-61.1453
-62.6567
-59.6612
-56.4209
-50.6212
-43.6173
-35.6919
-27.4773
-19.9169
-12.7292
-5.9479
-0.3870
4.3761
9.0769
11.5780
12.0346
14.9406
14.9221
17.7445
20.6296
23.7938
25.8124
28.3059
30.8216
32.1737
32.7002
34.4558
35.1315
31.8219
28.5288
25.6055
25.3477
23.5689
20.1358
15.2517
9.4256
3.3621
-5.6487
-14.2662
-20.9292
-24.8995
-29.3896
-33.2904
-31.7170
-24.5490
-17.9627
-16.7540
-16.9046
-18.3898
-22.4667
-29.2081
-38.0099
-45.5541
-52.4960
-58.7313
-64.1045
-67.6575
-68.1407
-66.9353
-68.8340
-70.0475
-69.8765
-69.2727
-72.1020
-71.3558
-68.5368
-64.8439
-59.2403
-52.0067
-43.9016
-34.9313
-25.5242
-16.3979
-8.1341
-0.6494
4.4849
6.2574
5.7474
7.5208
8.8979
9.2314
10.5663
12.1585
14.4942
17.9149
21.3774
26.3523
31.1265
35.5200
39.0089
41.7956
44.1213
44.5243
44.1706
41.5435
36.7798
30.6643
26.1875
20.8535
13.5980
8.7464
4.4528
1.8764
-0.6324
-2.4617
-3.3673
-5.1718
-5.6481
-7.9012
-11.9974
-15.0849
-17.1102
-21.2010
-24.8726
-25.4972
-25.5252
-24.3333
-23.2910
-20.6807
-18.5598
-18.0207
-17.6540
-19.5076
-22.3728
-25.1431
-28.5119
-31.7465
-33.1846
-33.9643
-33.2145
-31.6402
-28.8724
-25.4619
-22.6959
-19.3385
-15.8031
-12.9213
-10.5122
-8.3418
-6.1369
-4.0990
-1.5972
1.6903
4.3173
6.5937
8.5157
9.5639
11.3599
13.3407
15.3682
17.2076
19.3464
21.6617
23.3964
25.0258
27.1539
29.3734
30.6190
32.3484
32.9378
33.2257
35.0959
37.0408
38.3379
40.1824
40.5265
41.5555
40.5156
38.3065
35.8218
30.1757
23.1255
16.4820
9.7473
4.6884
1.0700
-1.0596
-3.6299
-3.7735
-3.8690
-2.0982
0.6664
1.6688
-0.0327
-6.0619
-12.9269
-22.6246
-27.3133
-34.6701
-40.8981
-44.9102
-47.4377
-47.3564
-45.9231
-41.8511
-35.8125
-32.2119
-28.9109
-25.3866
-22.4229
-20.8934
-14.1505
-12.4629
-8.4384
-4.4917
-0.5245
2.2018
4.9876
6.7381
7.6069
9.2946
12.3777
15.9288
19.8520
23.8672
29.1408
33.9205
37.3554
39.0729
40.3929
40.9312
41.1769
40.9424
41.2634
41.8533
42.5726
42.8385
42.0050
39.9167
37.3718
33.4100
27.5970
21.2677
15.6134
11.1254
7.1469
5.6316
3.7270
3.5553
2.2574
-1.8036
-7.8002
-14.0517
-19.9605
-25.3083
-29.7075
-31.9021
-32.0660
-30.7546
-29.1691
-26.4845
-24.8066
-22.9824
-24.5631
-28.3272
-32.3334
-36.0815
-39.2262
-40.9755
-40.9366
-39.5081
-37.2829
-35.4745
-33.0261
-30.7947
-28.7295
-26.1666
-23.6146
-20.8936
-17.6654
-14.0561
-10.3059
-6.0337
-2.5598
0.4213
3.4769
5.2548
7.4200
8.5266
9.5004
11.1760
12.9341
15.4618
18.9185
22.5005
26.0912
29.7248
33.5776
37.5882
40.2484
41.0772
41.3500
40.4435
39.5678
38.2236
36.8686
35.5646
33.0656
30.4650
27.7186
25.0878
22.3804
17.6040
12.1277
6.1794
-0.1385
-5.8260
-10.5695
-14.6250
-16.5862
-17.8874
-19.3416
-19.1117
-15.7360
-14.4904
-15.6326
-18.0589
-20.8023
-28.2656
-32.4088
-37.4521
-43.1526
-48.7648
-56.1189
-60.8671
-63.1050
-61.0809
-55.6227
-52.3982
-46.9833
-39.1766
-31.1116
-24.1985
-13.2555
-6.8704
-1.9378
0.8974
1.5730
4.0404
6.3592
9.5665
12.4867
16.3134
22.2574
28.0799
33.5159
37.9626
41.3638
42.5403
42.8470
42.1826
40.9299
39.1761
38.5603
39.2219
40.2182
41.6395
43.2156
42.9817
43.0092
41.2477
38.8419
36.2934
32.6683
28.5337
23.8988
19.7651
16.2575
13.0153
11.5166
8.7321
2.7465
-3.2288
-7.0675
-10.7967
-12.2056
-9.7471
-9.9402
-12.2211
-16.0079
-20.4830
-25.2570
-30.2251
-35.0764
-46.2084
-57.1070
-63.0890
-65.6420
-65.6198
-60.9683
-53.0842
-46.1185
-38.8377
-30.6746
-22.0551
-15.1083
-9.1725
-5.4587
-4.3269
-0.3760
3.3187
6.5912
9.3884
12.7710
16.9557
21.9974
26.6624
30.6299
34.1205
36.1788
39.2061
41.9344
44.3228
47.0495
49.4479
51.9120
55.1375
57.9403
60.9485
63.8413
66.2507
67.2833
67.6667
66.7639
64.6473
60.6290
56.2543
51.3981
46.7762
42.5105
38.4481
34.1355
32.3242
27.7324
22.8150
17.6536
13.8449
8.9441
4.0031
-0.1742
0.5119
-1.3906
-4.3625
-8.8625
-14.3259
-19.9178
-25.6084
-35.9353
-44.0128
-51.3898
-57.5341
-64.2027
-67.4904
-68.0063
-66.0750
-67.3010
-68.6489
-69.5341
-70.1273
-69.7124
-68.2493
-70.8017
-69.2431
-65.0753
-59.0912
-51.4149
-41.5000
-31.8198
-21.9527
-11.4673
-1.7128
9.4670
15.9509
17.5197
14.6408
7.2202
-0.7351
-6.4516
-9.8473
-10.2913
-8.1250
-3.9329
3.2925
13.5356
25.3402
38.0407
46.1847
51.6635
54.3382
53.5564
48.4904
45.9592
43.9698
41.2656
37.5060
33.4332
28.8309
24.6371
20.7447
20.7893
18.5857
14.2509
7.8404
0.2092
-8.8133
-18.1263
-27.1201
-36.4035
-46.3601
-55.3486
-63.6359
-69.8788
-73.8480
-74.5174
-77.6805
-79.7632
-81.1780
-86.5897
-87.9296
-86.0435
-81.6112
-74.1001
-65.5463
-55.7126
-46.2862
-33.5418
-28.1762
-22.7806
-17.6689
-13.1632
-11.4040
-12.1285
-7.0521
-2.1788
2.6390
8.6611
14.5352
24.7555
30.8770
31.9904
26.0083
25.3104
24.7316
25.0499
24.9193
25.5950
27.2263
29.6606
32.6026
37.6621
44.7345
54.1063
57.2787
57.5985
59.4043
60.1781
58.5925
55.6172
51.0004
45.3134
39.0244
32.9654
26.8928
21.2049
16.9871
13.5803
14.2554
12.2922
7.7386
1.4812
-6.1612
-14.4023
-23.3309
-37.2785
-43.4596
-49.2951
-54.7715
-59.7492
-62.2866
-67.3820
-66.1288
-65.2886
-62.4904
-58.2464
-53.0304
-45.9971
-38.5678
-31.1584
-15.7492
-4.8934
4.9139
13.0865
18.3635
19.9076
26.0412
32.0485
37.6272
41.8351
45.3141
48.2513
50.4668
52.1273
53.1235
55.0533
56.8872
58.8647
60.2635
63.1985
66.3515
70.2508
73.2297
76.5757
73.4499
69.3959
63.5387
57.5312
52.4538
47.5514
42.9441
38.4801
35.0472
33.3902
35.9025
36.1213
33.0938
28.0568
16.3525
5.5209
-7.0586
-19.2133
-30.5549
-42.1230
-51.3433
-58.9994
-63.4269
-65.1414
-63.6385
-65.8789
-67.9534
-69.1889
-70.7298
-72.2510
-73.3748
-74.5928
-74.7278
-74.1773
-73.3448
-72.3404
-75.2483
-74.0336
-69.1244
-61.2364
-51.3168
-39.4941
-26.4567
-12.4149
1.2068
18.2938
30.6149
37.3553
38.6026
31.3698
21.9552
18.6574
17.3203
17.1724
18.5801
21.6894
31.2466
39.2408
46.3356
53.6529
53.0910
49.1415
37.9714
26.2171
20.9093
18.5698
18.9495
21.2000
25.9868
36.6473
45.8058
46.8154
42.9834
36.1061
26.1834
13.2154
-2.7979
-21.8565
-43.9605
