10.8873
12.9678
15.0864
17.2431
19.4379
21.6707
23.9416
26.2506
29.1356
30.8314
34.8805
37.2387
38.3027
41.6260
43.5933
45.7825
48.5929
49.8948
49.2470
48.2223
46.9615
43.6185
40.8750
37.7977
35.2982
31.8708
29.4518
26.0421
20.8420
16.7267
12.8678
8.3942
5.5816
2.6501
-0.2997
-2.7408
-5.2851
-8.1692
-13.1748
-15.2632
-18.3020
-22.5225
-26.5212
-30.0949
-33.5591
-36.8208
-39.0796
-41.9580
-44.0760
-45.7031
-47.3025
-48.7106
-50.8322
-49.3881
-50.2743
-51.3972
-52.8224
-55.0265
-57.2932
-59.6002
-60.5908
-60.7515
-62.2507
-59.2674
-56.0636
-50.3247
-43.4058
-35.6212
-27.5141
-20.0896
-12.6943
-5.8989
-0.3280
4.4412
9.1440
11.6430
12.0937
14.9896
14.9571
17.7613
20.6244
23.7625
25.7265
28.2916
30.7994
32.2582
32.8715
34.4709
35.3799
32.2550
29.1658
26.2742
26.0085
24.1819
20.8133
15.6753
9.5750
3.3857
-5.8462
-14.5598
-21.3878
-25.5235
-29.7418
-33.5658
-31.8874
-24.7186
-17.8927
-16.7033
-16.8343
-18.5593
-22.7043
-29.4945
-38.3255
-45.8794
-52.8116
-59.0872
-64.4573
-67.8068
-68.1169
-66.6904
-68.3741
-69.6771
-69.4693
-68.8543
-71.7681
-71.0041
-68.2021
-64.5609
-59.0437
-51.9311
-43.8453
-34.7865
-25.4070
-16.2664
-8.1298
-0.5890
4.4904
6.3479
5.8891
7.8168
9.2538
9.6224
10.9675
12.5452
14.8417
18.1984
21.5721
26.4335
31.0693
35.5052
38.9205
41.7956
44.2040
44.5381
44.1261
41.4512
36.5016
30.4836
26.0959
20.8423
13.5763
8.8571
4.6769
2.1948
-0.2356
-2.0113
-2.8820
-3.9617
-5.2562
-8.2452
-12.7229
-16.3163
-18.8598
-23.3302
-27.2495
-27.8232
-27.7356
-26.2808
-24.8286
-21.6671
-18.9411
-17.4742
-17.6829
-19.3475
-21.9917
-25.0424
-28.4227
-31.6717
-33.1319
-33.9346
-33.2110
-31.6661
-28.9311
-25.5367
-22.8264
-19.3373
-15.7546
-12.9522
-10.5494
-8.3827
-6.1791
-4.1399
-1.7142
1.6461
4.3383
6.6721
8.7588
9.7533
11.4639
13.3836
15.3544
17.2076
19.3254
21.4551
23.0786
24.6168
26.6734
28.9980
30.2988
32.1136
32.8185
33.0265
34.9472
36.9579
38.3361
40.2771
40.6035
40.8977
40.4236
38.6669
35.1803
30.3037
25.4089
20.0735
13.9696
8.4154
4.6630
2.0814
-0.5810
-1.9101
-3.4436
-3.2119
-0.8523
-0.9306
-3.7593
-8.2706
-13.6558
-23.2706
-28.0265
-35.7516
-41.2555
-44.8669
-46.8507
-47.5873
-45.8920
-41.5351
-35.2814
-31.4917
-28.0581
-24.6176
-21.5428
-19.9602
-13.2438
-11.6839
-7.6747
-3.9280
-0.1321
2.0924
5.2340
6.9414
7.7430
9.2731
12.2408
15.7208
19.9428
24.2082
29.6822
34.6123
38.1479
39.9161
41.2370
41.6167
41.8095
41.2039
41.5985
41.9105
42.4987
42.6283
41.8680
39.9089
37.3895
33.4507
27.6582
21.3470
15.7085
11.2338
7.5718
5.6392
3.7128
3.0994
1.5643
-2.6867
-8.6861
-14.9594
-20.8526
-26.1197
-30.3827
-32.3859
-32.3030
-30.6895
-28.7465
-26.4201
-24.7995
-23.0234
-24.6428
-28.4363
-32.4624
-36.2975
-39.3878
-41.0829
-40.9899
-39.4367
-37.2868
-35.4154
-32.9947
-30.6292
-28.5710
-25.9663
-23.3937
-20.6733
-17.4669
-13.9119
-10.0783
-5.8070
-2.2524
0.6213
3.5285
5.1755
7.1613
8.2576
9.1633
10.7912
12.5266
15.0351
18.5364
22.1851
25.8863
29.6430
33.6424
37.6365
40.3867
41.1230
41.4009
40.4767
39.5914
38.2350
36.8651
35.5434
33.0656
30.4650
27.7186
25.0878
22.3804
17.5996
12.1270
6.1818
-0.1364
-5.9136
-10.5754
-14.5621
-16.4675
-17.7259
-19.1503
-18.9035
-15.6128
-14.3023
-15.4039
-17.8140
-20.5569
-28.0479
-32.2426
-37.4292
-42.9803
-48.5579
-55.8982
-60.6535
-62.9191
-60.9436
-55.4843
-52.2344
-46.8833
-39.1406
-31.2105
-24.3036
-13.3761
-7.0039
-1.9719
0.8909
1.4997
4.0779
6.4967
9.7932
12.7918
16.5480
22.4722
28.1853
33.6199
38.2655
41.6089
42.7195
42.9287
42.1693
40.8120
38.9338
38.4641
39.2491
40.3460
41.7521
43.4738
43.3274
43.5461
41.8820
39.4409
36.7043
33.0116
28.6107
23.9684
19.2084
16.4347
13.6938
12.4636
9.8523
4.1273
-1.7892
-5.6413
-9.4690
-11.0614
-9.0080
-9.4730
-12.1899
-16.1795
-21.0783
-25.2616
-30.1599
-35.0833
-46.1973
-57.0810
-63.1452
-65.7734
-65.6349
-60.7383
-52.6567
-45.5410
-38.2478
-29.9548
-21.2644
-14.3129
-8.3953
-4.7740
-3.7683
-0.0600
3.4251
6.6497
9.5874
12.9405
16.9165
21.9091
26.4239
30.5669
34.0630
36.2380
39.3609
42.1636
44.5389
47.3529
49.9040
52.5671
55.6740
58.2127
61.0196
63.8589
66.1911
67.2416
67.3974
66.4602
63.5175
60.0673
56.1886
51.8859
47.6875
43.8069
39.7869
35.5593
33.7573
29.0990
24.1419
18.5250
14.1141
8.6520
3.0469
-0.4976
0.2554
-1.5754
-4.4706
-8.8892
-14.3164
-19.8450
-25.4706
-35.7310
-43.7403
-51.2488
-57.4336
-64.1542
-67.5054
-68.1872
-66.0901
-67.2521
-68.5477
-69.3921
-69.9562
-69.5239
-68.0549
-70.6654
-69.0807
-64.9051
-58.9316
-51.2177
-41.4055
-31.9038
-21.9259
-11.4271
-1.6658
9.6606
16.0158
17.4680
14.4847
6.8284
2.9600
-5.7633
-12.0088
-14.5783
-14.4925
-11.7675
-5.3326
4.6094
16.6683
30.1785
39.4003
46.6400
51.5191
53.6492
52.2193
46.1358
44.1921
41.7265
37.8277
33.7872
29.1946
24.9881
24.5459
21.6285
16.8873
10.4392
2.3399
-6.3729
-16.1339
-25.5884
-34.3588
-42.6134
-51.5437
-59.4338
-65.9839
-70.0617
-71.3454
-75.6452
-78.8799
-80.9605
-82.2995
-87.5618
-88.6787
-86.4960
-81.6933
-73.7383
-65.5314
-55.7710
-46.1522
-33.3620
-27.9241
-22.4769
-17.3342
-12.8181
-11.0692
-11.8248
-6.7332
-1.9879
3.0012
8.6116
14.1018
24.2822
30.2510
31.2604
25.2227
24.4317
23.9660
24.4348
24.4922
25.3935
27.2877
29.8053
33.0840
37.8872
44.9926
54.3754
57.4512
57.8091
59.6200
60.3659
58.8882
55.9128
51.2740
45.5428
39.1877
33.0406
27.0266
21.3003
17.0332
13.5869
14.1733
12.2809
7.7154
1.4486
-6.2865
-14.4600
-23.3292
-37.2258
-43.3644
-49.1655
-54.6160
-59.5763
-62.1044
-67.1990
-65.9942
-65.1927
-62.4441
-58.2608
-53.1164
-45.9971
-38.5678
-31.1584
-15.7492
-4.8934
4.9139
13.0865
18.2981
19.9619
26.0873
32.0068
37.6436
41.8992
45.4157
48.3802
50.6128
52.1994
53.2595
55.2328
57.0895
59.0693
60.4810
63.4793
66.4942
70.3042
73.3330
76.6431
73.6608
69.3358
63.3491
57.2209
52.1898
47.3026
42.6740
38.2811
34.8151
32.3870
35.4867
36.2299
33.6640
29.0256
17.6569
6.7338
-5.5830
-17.8457
-29.3575
-41.1582
-50.7331
-58.7796
-63.8790
-66.1262
-63.8508
-66.0219
-68.0216
-69.1767
-70.6316
-71.9034
-73.0615
-74.5287
-74.7800
-74.3358
-73.5995
-72.6812
-75.6652
-74.3613
-69.4217
-61.3863
-51.4766
-39.6312
-26.5384
-12.3256
1.0381
17.9502
30.2986
37.0768
38.3724
31.1985
21.8533
18.6354
17.3889
17.3421
18.6715
21.7974
31.3693
39.3764
46.3193
53.5553
53.0910
49.1415
37.9714
26.2171
20.9093
18.5698
18.9495
21.2000
25.9868
36.6473
45.8058
46.8154
44.1837
38.5828
29.8414
17.9593
2.9367
-15.2264
-36.5302
-60.9746
