-20.2323
-21.6254
-22.5261
-22.9343
-22.8500
-22.2732
-21.2039
-19.6422
-15.9745
-12.6911
-9.3807
-5.8588
-1.3476
1.3962
3.4165
4.9399
7.0890
7.4597
5.5142
4.3355
2.8935
2.1411
0.9110
0.2989
-0.6795
-1.4093
-1.9074
-3.2651
-4.9350
-7.8845
-11.5034
-15.5761
-18.2526
-19.6817
-21.4857
-22.8443
-23.8787
-24.7551
-25.0360
-24.1722
-22.2238
-21.6768
-19.7665
-18.0408
-14.7864
-10.9699
-5.5293
-1.0138
2.6170
4.8694
7.0757
8.9278
10.9935
11.6286
10.6800
9.0373
9.5811
8.6833
8.6154
8.5178
8.9164
8.4672
6.8424
4.3596
1.3401
-2.8710
-6.3064
-10.0416
-14.0396
-16.8466
-17.1463
-18.7580
-19.0203
-18.3531
-17.9495
-19.7730
-20.4377
-20.0670
-19.0466
-17.8830
-15.4501
-13.5070
-11.9704
-10.1197
-7.8551
-6.4702
-4.6609
-3.2455
-2.4991
-2.4266
-0.6060
1.6297
2.5119
3.7233
4.8927
4.2688
4.0607
3.2971
2.9278
2.9731
3.3808
2.4115
1.0851
-0.0931
-2.1826
-4.9775
-8.8558
-11.3465
-14.1655
-17.8189
-19.0128
-20.5469
-19.8178
-18.7187
-17.8822
-18.6430
-18.8873
-18.4633
-18.6419
-18.6668
-17.7124
-16.5512
-13.8575
-9.8760
-6.9602
-5.6933
-1.9002
0.0863
0.2336
0.2456
0.8697
2.1357
2.8509
4.4442
5.4684
7.6690
10.2110
13.0988
12.6060
12.2830
12.1372
9.7220
7.0558
4.1874
-0.3674
-4.2656
-7.8566
-10.8295
-14.2577
-15.4443
-17.4660
-18.5637
-20.1067
-20.9162
-21.0654
-19.9479
-17.9716
-16.5092
-14.6964
-10.8055
-6.9464
-3.9868
-0.3266
2.1486
3.5544
3.7406
3.3378
2.9970
4.2856
6.0369
7.7131
9.9654
12.0409
13.0472
13.5425
14.0608
14.3815
12.0529
7.8606
3.4644
-0.4393
-4.3274
-7.0261
-11.2299
-13.2070
-14.5334
-16.4009
-18.8109
-20.9481
-22.7742
-24.2649
-24.4679
-24.0712
-21.7939
-18.9592
-15.6684
-11.8121
-9.8015
-6.2426
-4.9012
-3.4335
-2.6068
-1.7006
0.1233
2.5383
6.2020
9.3149
10.7000
13.1398
14.6639
15.8666
13.6212
10.8438
6.9366
3.9273
0.6660
-3.1538
-6.7312
-10.4294
-13.5979
-17.3113
-20.6600
-21.9172
-24.5925
-26.4991
-29.4230
-28.6815
-27.4422
-26.2492
-23.4016
-20.2018
-16.9918
-13.2173
-8.3187
-4.0483
0.0965
3.3167
4.8412
6.2392
6.2889
7.5107
7.3437
6.6963
7.6448
8.6646
9.1756
10.1123
10.5912
10.4992
10.5145
10.5127
9.6277
7.5577
3.6928
-0.3475
-3.6563
-6.6902
-8.9448
-10.6038
-13.0125
-15.0644
-17.5238
-17.1395
-16.5148
-15.5293
-14.0586
-13.2071
-12.0090
-10.8064
-9.5248
-8.9672
-7.7477
-5.3702
-3.5777
-1.9105
-0.1560
2.3726
3.8025
4.3999
4.5322
3.4492
3.4198
3.6856
3.3553
4.1298
5.8912
8.1903
9.1951
9.8576
10.7808
9.7143
8.0776
4.9846
2.3813
-1.1122
-4.9311
-8.2112
-12.0673
-14.0426
-16.3746
-17.3838
-17.6653
-16.1544
-15.5931
-14.5623
-13.0618
-11.0917
-8.6520
-5.7428
-2.3639
