-30.6507
-25.9560
-21.4942
-17.2655
-13.2697
-9.5070
-5.9772
-2.6804
2.1706
5.8411
5.9848
7.7295
9.2293
8.9255
7.5810
6.4397
4.0105
2.1452
1.2017
-0.1170
-1.3344
-1.8801
-3.0058
-4.7395
-7.5179
-10.3038
-13.0435
-15.1652
-16.6797
-19.1015
-21.7117
-23.2183
-24.8667
-25.7707
-25.1082
-23.9215
-23.1036
-21.2995
-19.0275
-15.7408
-11.9357
-6.5556
-2.1769
1.3393
3.9590
5.9824
7.8893
10.0033
11.0506
10.2776
9.2489
9.4023
9.0457
8.9410
9.0462
9.5334
9.3615
8.1109
5.7476
2.1679
-1.7883
-5.3005
-9.2600
-13.3242
-16.4550
-17.1670
-18.1217
-18.5114
-18.3556
-17.9380
-19.5771
-20.3873
-20.4877
-19.9487
-18.7842
-16.0977
-14.3367
-12.7049
-10.9072
-8.0163
-5.9298
-4.5115
-2.7917
-1.7404
-1.9318
-0.2277
1.6899
2.6550
4.0083
5.1400
4.4923
4.4519
4.1084
3.8990
4.4401
4.3135
3.4658
1.4950
-0.5401
-3.7601
-7.4221
-11.3121
-13.7503
-16.7955
-19.0962
-19.3009
-19.8841
-18.4934
-16.5174
-15.8941
-16.8686
-17.9628
-17.9442
-18.6457
-18.8718
-17.0987
-15.8732
-13.5353
-9.2889
-5.9805
-4.4195
-0.2650
1.5137
1.4554
0.8464
1.3239
2.5940
3.9219
4.9372
7.9851
10.0969
12.4442
15.3879
15.0304
14.5982
14.1306
11.4486
7.6626
3.6156
-1.9305
-6.7732
-10.4868
-14.1522
-16.3324
-17.9925
-19.0135
-19.1190
-20.0746
-19.7287
-18.2782
-16.1291
-14.2277
-12.7341
-11.2176
-7.8789
-4.5721
-2.6191
-0.0749
2.1076
3.3091
3.1542
2.7387
2.8798
4.5307
6.3884
8.1966
10.5573
12.8017
14.0125
14.7299
14.7485
14.8018
12.2014
8.1012
2.8719
-2.0297
-6.2443
-10.1263
-13.1315
-14.8515
-15.7258
-17.2825
-19.0933
-20.6298
-21.8074
-22.4258
-22.4089
-21.8546
-20.7293
-18.3331
-14.5014
-11.0950
-7.7570
-4.3893
-2.8977
-1.6865
-0.4597
0.7577
2.6876
4.5416
7.5640
10.1881
11.5744
13.5311
15.1207
15.2833
12.9691
9.9305
6.1525
3.7524
1.1447
-1.7670
-5.4675
-9.2563
-11.9947
-14.9315
-17.6223
-20.5139
-22.6941
-24.9422
-27.5774
-26.2257
-24.8009
-23.3612
-21.1935
-17.8703
-15.2376
-12.2657
-7.9182
-3.8340
-0.3761
1.8597
4.3149
4.9396
5.1589
6.8161
6.1282
5.7042
6.5526
8.2888
8.9775
9.4861
10.3017
10.7284
10.7037
10.6111
9.1571
6.7846
3.1951
-1.0223
-4.5688
-6.9677
-8.9845
-10.5866
-12.5581
-14.1894
-16.2673
-15.5930
-15.1446
-14.3694
-13.0707
-12.3525
-11.5703
-10.9283
-9.9966
-9.2165
-8.3486
-6.4482
-4.4823
-2.7372
-0.9259
1.7054
3.3077
3.8336
3.7610
3.1693
3.7601
4.0383
3.9111
4.6693
6.2511
8.3211
9.3158
9.9362
10.4328
8.5869
7.0663
4.0362
1.7415
-0.6941
-4.1505
-7.9073
-11.9087
-14.2627
-16.8996
-18.3269
-18.8376
-17.6184
-17.0791
-15.9708
-14.2935
-12.0472
-9.2320
-5.8478
-1.8947
